3172  8579  2358  8365  2999  6443  1423  6483  8645  7470  995  7765  2144  9006  1076  2211  1463  3706  6977  9820  1290  1570  3386  7938  6936  2597  2958  9220  435  4133  
5695  3666  9754  8833  8940  8619  9581  6697  8004  9393  2572  7724  7577  675  8726  9260  7658  2465  8045  3960  3559  74  7872  1824  9968  8192  863  2852  9540  9474  
7017  7043  2277  3920  6336  1743  5522  1529  6163  9607  1931  9647  9154  7979  1503  929  5308  2170  4240  5375  4627  6870  141  328  4454  4734  6550  1102  7445  3106  
6122  2384  3599  7297  8859  6830  2918  1997  2104  1783  2745  9861  8513  9901  5735  888  8085  1183  1890  2424  822  5629  1209  7124  4067  3238  1036  4988  3132  1356  
4026  6015  2704  2638  181  7551  2785  7084  9500  2251  8686  2037  9327  115  5095  2811  2317  1143  4667  4093  8472  2678  7404  8539  7791  34  649  3492  7618  7898  
9713  1610  608  6270  9286  2892  6763  461  9367  7338  3426  5161  5268  4947  5909  3025  1677  3065  8899  1397  1249  4347  5054  5588  3986  8793  1717  288  7231  3746  
4200  8152  3640  4520  7190  9179  3212  5802  3345  715  5949  248  8  5415  1850  5201  2491  3279  8259  3319  5481  4306  7831  7257  1636  5842  568  9047  8299  542  
3813  6656  782  8406  222  4774  3772  9434  9794  6056  9927  969  2531  502  6590  8325  8432  8111  9073  3533  4841  6229  2063  4561  4413  7511  8218  8752  7150  1957  
4881  3452  395  6910  7364  1316  6804  7684  354  9688  6376  8966  3853  3879  9113  756  2884  6328  8652  6368  5875  4700  8224  7650  2029  8891  961  2096  1348  3591  
6862  7050  1175  1455  3271  7823  4166  9827  2843  9105  320  4018  5580  3551  9639  8718  8825  8504  9466  6582  5234  6622  2457  7609  4806  7904  8611  9145  7543  2350  
7930  3845  788  9959  7757  1709  9853  8077  748  2737  9425  9359  6902  4272  9506  3805  6221  8972  5407  8759  6048  6836  1816  9532  9039  7864  1388  814  5193  9399  
4125  5260  4512  6755  7370  213  4339  4619  6435  8331  7329  2991  6007  9613  3484  7182  6088  4059  147  1882  1989  1668  2630  9746  8398  9786  5620  8118  7970  1068  
1775  2309  707  5514  8438  7009  3952  468  921  4873  361  1241  3911  5900  9933  2523  66  7436  2670  6969  6729  2136  8571  1922  9212  10000  4980  40  2202  1028  
4552  3978  8357  2563  7289  5768  5020  7263  534  3377  7503  5127  6943  1495  493  6155  6515  2777  6648  7690  9252  7223  3311  5046  5153  4832  5794  254  1562  2950  
8784  1282  1134  4232  4939  5473  3871  8678  1602  173  7116  3631  4085  8037  3525  4405  7075  6409  3097  5687  574  600  5834  7477  9893  5300  9079  5086  9720  3164  
8144  3204  5366  4191  7716  4486  8865  5727  7797  8932  8184  427  3698  6541  8011  8291  107  4659  3657  9318  9679  5941  7156  854  2416  387  6475  5554  5661  5340  
6302  3418  4726  6114  9293  4446  4298  7396  5447  5981  4379  9186  4766  681  280  6795  4593  8545  6689  4913  7584  9573  6261  762  8306  3565  5208  7624  3031  6810  
2818  7451  895  3219  935  442  9267  2792  2217  6597  3459  5528  6663  5915  8158  1429  1617  5742  6022  7838  2390  8733  4394  7411  3672  4888  8586  4206  3285  3392  
3072  4033  1149  9801  1190  7024  2177  9374  2471  3179  3713  2110  6917  2497  8412  5355  4527  2324  6276  4420  2644  5315  7304  3993  3926  1470  8840  4073  8372  3539  
9974  3326  615  1403  6383  4099  3606  2431  5956  5381  9760  3967  8692  1322  1937  4781  8906  1002  2899  1897  7558  575  4180  8051  1749  655  8626  4714  6449  6556  
6236  7197  4313  2965  4353  188  2685  2538  5635  6342  6877  5274  81  3005  1576  8519  5035  5488  9440  4928  5808  8479  4501  7090  4633  2004  7237  1536  1296  6703  
3138  6490  3779  4567  9547  4608  6770  5595  9120  2924  7131  1856  335  9587  1830  5101  7945  2070  1727  3543  8095  7093  2754  3115  9377  3248  4290  5852  3823  9911  
1646  1753  1432  2394  6854  8161  9550  5384  7881  7734  832  1539  2073  471  5277  8202  6773  3716  231  685  4637  125  1005  3675  3009  9697  2287  7174  7200  2434  
4077  6493  1900  5679  1686  6320  9764  4743  9804  1966  791  4316  1086  5465  2327  4397  5532  4784  7027  298  3141  4611  4891  6707  1259  257  5918  6279  2541  3756  
7454  9016  6987  3075  2154  2261  1940  2902  18  1325  2714  5892  1045  898  3996  2047  2581  979  5786  1366  7281  6880  3395  1193  5145  3288  1513  4183  6172  2861  
2795  338  364  5598  7241  9657  5064  8843  4850  9484  2928  5252  2968  2474  1299  4824  4250  8629  5491  7561  8696  7948  191  3462  3649  7775  8055  9870  4423  765  
6427  9443  5705  6920  618  2180  150  6239  5318  5425  5104  6066  3182  1834  3222  9056  4209  1406  4504  5211  5745  4143  8950  4530  445  7388  6559  4357  8309  6452  
4677  7347  9336  6025  5959  3502  872  6106  405  2821  5572  2007  5358  2648  3436  8416  6132  5638  4463  7988  7414  1793  5999  725  1859  1112  3355  3970  6813  939  
1219  3034  4931  3929  9590  2607  6213  84  3782  2688  659  6747  8482  8589  8268  9230  6346  4998  6386  2220  4718  4570  7668  8375  8909  7307  2114  5038  3609  552  
7067  7521  1473  6961  7841  511  2500  6533  9123  6666  4036  9270  3568  3329  8736  5171  8522  5812  6600  1579  6640  8802  7627  1152  578  4957  9163  3889  2368  1620  
3863  7134  9977  4103  7380  3468  5203  5310  4989  5951  3067  1719  3107  8941  1439  1291  4389  5096  5630  4028  8835  1759  330  7273  3788  4242  8194  3682  4562  7232  
9221  3254  5844  3387  757  5991  290  50  5457  1892  5243  2533  3321  8301  3361  5523  4348  7873  7299  1678  5884  610  9089  8341  584  3855  6698  824  8448  264  
4816  3814  9475  9836  6098  9969  1011  2573  544  6632  8367  8474  8153  9115  3575  4882  6271  2105  4603  4455  7553  8260  8794  7192  1999  4923  3494  437  6952  7406  
1358  6846  7726  396  9730  6418  9008  3895  3921  9155  